001 4531944
002 4535572
003 4540568
004 4543128
005 4548432
006 4551544
007 4556644
008 4558668
009 4563812
010 4566316
011 4571284
012 4574488
013 4579988
014 4581964
015 4587112
016 4589340
017 4594796
018 4597352
019 4602756
020 4604820
021 4610040
022 4612184
023 4617308
024 4619832
025 4625016
026 4627428
027 4632404
028 4634640
029 4639728
030 4642552
031 4647580
032 4649820
033 4654708
034 4657048
035 4661920
036 4664096
037 4669180
038 4671488
039 4676364
040 4678556
041 4683584
042 4685876
043 4691064
044 4693080
045 4698100
046 4700300
047 4705420
048 4707516
049 4712608
050 4714664
051 4719708
052 4721900
053 4726936
054 4729500
055 4734352
056 4736356
057 4741464
058 4743604
059 4748616
060 4750924
061 4755940
062 4758188
063 4763040
064 4765320
065 4770284
066 4772608
067 4777788
068 4779792
069 4784804
070 4787020
071 4792084
072 4794136
073 4799200
074 4801364
075 4806520
076 4808588
077 4813616
078 4816224
079 4821164
080 4822996
081 4828056
082 4830404
083 4835276
084 4837576
085 4842656
086 4844840
087 4849816
088 4852056
089 4856936
090 4859400
091 4864432
092 4866660
093 4871740
094 4873728
095 4879072
096 4880792
097 4885856
098 4888064
099 4893096
100 4895276
101 4900308
102 4902832
103 4907532
104 4909708
105 4914812
106 4917104
107 4921996
108 4924184
109 4929208
110 4931408
111 4936768
112 4938624
113 4943656
114 4945944
115 4951116
116 4953268
117 4958144
118 4960492
119 4965364
120 4967588
121 4972536
122 4974872
123 4979896
124 4981932
125 4986972
126 4989692
127 4994456
128 4996456
129 5001496
130 5003844
131 5008716
132 5010940
133 5015940
134 5018288
135 5023148
136 5025356
137 5030480
138 5032692
139 5037840
140 5039844
141 5044904
142 5047104
143 5052124
144 5054348
145 5059412
146 5061496
147 5066516
148 5068808
